ZTF23aazprcc