ZTF24aaikwul
ZTF24aaikvqs
ZTF24aaikqju
ZTF24aaiksyu
ZTF24aaikoqp
ZTF24aaikobb
ZTF24aaikobd
ZTF24aaiknyx
ZTF24aaifsng
ZTF24aaikmas
ZTF24aaiksuy
ZTF24aaijspl
ZTF24aaijrvq
ZTF24aaijsxa
ZTF24aaifsdx
ZTF24aaijqso
ZTF24aaikkmf
ZTF24aaijorn
ZTF24aaijoxp
ZTF24aaijpbj
ZTF24aaijnyw
ZTF24aaifopf
ZTF24aaijnoq
ZTF24aaijnfl
ZTF24aaijngv
ZTF24aaijnbj
ZTF24aaikhzw
ZTF24aaifrnv
ZTF24aaijixf